Command:

    diff <(python3 gsm_network.py < test/1) <(cat test/1.a)
    diff <(python3 gsm_network.py < test/2) <(cat test/2.a)

Output:
    diff --git a/dev/fd/63 b/dev/fd/62
    --- a/dev/fd/63
    +++ b/dev/fd/62
    @@ -1,22 +1,2 @@
    21 91 4 7 0
    -1 -4 0
    -1 -7 0
    -4 -7 0
    2 5 8 0
    -2 -5 0
    -2 -8 0
    -5 -8 0
    3 6 9 0
    -3 -6 0
    -3 -9 0
    -6 -9 0
    -1 -2 0
    -4 -5 0
    -7 -8 0
    -2 -3 0
    -5 -6 0
    -8 -9 01
    1 -1-3 0
    -4 -6 0
    -7 -9 0
    diff --git a/dev/fd/63 b/dev/fd/62
    --- a/dev/fd/63
    +++ b/dev/fd/62
    @@ -1,35 +1,3 @@
    34 12
    1 5 9 0
    -1 -5 0
    -1 -9 0
    -5 -9 02 6 10 0
    -2 -6 0
    -2 -10 0
    -6 -10 0
    3 7 11 0
    -3 -7 0
    -3 -11 0
    -7 -11 0
    4 8 12 0
    -4 -8 0
    -4 -12 0
    -8 -12 0
    -1 -2 0
    -5 -6 0
    -9 -10 0
    -1 -3 0
    -5 -7 0
    -9 -111
    1 0
    -1-4 0
    -5 -8 0
    -9 -12 0
    -2 -3 0
    -6 -7 0
    -10 -11 0
    -2 -4 0
    -6 -8 0
    -10 -12 0
    -3 -4 0
    -7 -8 0
    -11 -12 0
