Commmand:

    diff <(python3 cleaning_apartment.py < test/1) <(cat test/1.a)
    diff <(python3 cleaning_apartment.py < test/2) <(cat test/2.a)

Output:
    diff --git a/dev/fd/63 b/dev/fd/62
    --- a/dev/fd/63
    +++ b/dev/fd/62
    @@ -1,131 +1,2 @@
    130 2516 11 16 21 0
    -1 -6 0
    -1 -11 0
    -1 -16 0
    -1 -21 0
    -6 -11 0
    -6 -16 0
    -6 -21 0
    -11 -16 0
    -11 -21 0
    -16 -21 0
    2 7 12 17 22 0
    -2 -7 0
    -2 -12 0
    -2 -17 0
    -2 -22 0
    -7 -12 0
    -7 -17 0
    -7 -22 0
    -12 -17 0
    -12 -22 0
    -17 -22 0
    3 8 13 18 23 0
    -3 -8 0
    -3 -13 0
    -3 -18 0
    -3 -23 0
    -8 -13 0
    -8 -18 0
    -8 -23 0
    -13 -18 0
    -13 -23 0
    -18 -23 0
    4 9 14 19 24 0
    -4 -9 0
    -4 -14 0
    -4 -19 0
    -4 -24 0
    -9 -14 0
    -9 -19 0
    -9 -24 0
    -14 -19 0
    -14 -24 0
    -19 -24 0
    5 10 15 20 25 0
    -5 -10 0
    -5 -15 0
    -5 -20 0
    -5 -25 0
    -10 -15 0
    -10 -20 0
    -10 -25 0
    -15 -20 0
    -15 -25 0
    -20 -25 0 1
    2 3 4 5 0
    -1 -2 0
    -1 -3 0
    -1 -4 0
    -1 -5 0
    -2 -3 0
    -2 -4 0
    -2 -5 0
    -3 -4 0
    -3 -5 0
    -4 -5 0
    6 7 8 9 10 0
    -6 -7 0
    -6 -8 0
    -6 -9 0
    -6 -10 0
    -7 -8 0
    -7 -9 0
    -7 -10 0
    -8 -9 0
    -8 -10 0
    -9 -10 0
    11 12 13 14 15 0
    -11 -12 0
    -11 -13 0
    -11 -14 0
    -11 -15 0
    -12 -13 0
    -12 -14 0
    -12 -15 0
    -13 -14 0
    -13 -15 0
    -14 -15 0
    16 17 18 19 20 0
    -16 -17 0
    -16 -18 0
    -16 -19 0
    -16 -20 0
    -17 -18 0
    -17 -19 0
    -17 -20 0
    -18 -19 0
    -18 -20 0
    -19 -20 0
    21 22 23 24 25 0
    -21 -22 0
    -21 -23 0
    -21 -24 0
    -21 -25 0
    -22 -23 0
    -22 -24 0
    -22 -25 0
    -23 -24 0
    -23 -25 0
    -24 -25 01 -17 0
    -2 8 0
    -3 9 0
    -4 10 0
    -6 2 12 0
    -7 3 13 0
    -8 4 14 0
    -9 5 15 0
    -11 7 22 0
    -12 8 23 0
    -13 9 24 0
    -14 10 25 0
    -16 22 0
    -17 23 0
    -18 24 0
    -19 25 0
    -21 12 17 0
    -22 13 18 0
    -23 14 19 0
    -24 15 20 0
    diff --git a/dev/fd/63 b/dev/fd/62
    --- a/dev/fd/63
    +++ b/dev/fd/62
    @@ -1,69 +1,3 @@
    68 16
    1 5 9 13 0
    -1 -5 0
    -1 -9 0
    -1 -13 0
    -5 -9 0
    -5 -13 0
    -9 -13 026 10 14 0
    -2 -6 0
    -2 -10 0
    -2 -14 0
    -6 -10 0
    -6 -14 0
    -10 -14 0
    3 7 11 15 0
    -3 -7 0
    -3 -11 0
    -3 -15 0
    -7 -11 0
    -7 -15 0
    -11 -15 0
    4 8 12 16 0
    -4 -8 0
    -4 -12 0
    -4 -16 0
    -8 -12 0
    -8 -16 0
    -12 -16 0 1
    2 3 4 0
    -1 -2 0
    -1 -3 0
    -1 -4 0
    -2 -3 0
    -2 -4 0
    -3 -4 0
    5 6 7 8 0
    -5 -6 0
